100820282
102670230
100812207
100780029
100527618
100814240
102663503
100803167
SLTI248
100800123
100812465
100782717
100777579
100787863
100808318
100791924
100811685
100811312
102666477
100814626
100783712
100792065
100783641
100817758
102663989
100796645
100800015
100816916
100817452
100527768
100779316
100819630
100808416
100812480
100799211
100797277
100793687
100780875
100815928
100787678
100783811
100787806
100789398
100799653
100776612
102667260
100785473
100777302
100813016
102669392
100798543
100785556
100798453
100785453
100782916
100810601
102662131
100786935
100777895
100815828
112997814
102669230
100803141
100787837
100775264
100817780
100808975
102665187
100807322
MIR396J
BADH1
100801928
100798513
100813657
100797367
100802956
100780059
100811318
MIR9738
100801395
100811202
100784045
100820185
100784474
100784239
100808472
100789887
100797989
100812650
100795534
100779997
100804074
100810500
100783380
100793996
100527423
100816746
102668266
100813938
100808771
GMDCL2A
100305537
100780449
100527635
100782114
100785430
100803157
100788208
100796349
100779834
102666102
100811329
100776353
100801738
100787870
100798360
100816943
100776958
100782483
100499729
102666714
100779829
100790644
100795636
100810009
