100783649
100812427
100784883
102660910
100780758
102663994
100812902
106799693
100787427
100804864
106798742
100790673
100776077
102661733
100800222
100781856
100817487
100816284
100816765
113001496
100788633
100790141
100794231
100799365
100780435
100786476
100808230
100794766
100785430
100813731
100798342
100790649
100305477
100780158
100792700
100800352
100801545
100817727
100783208
100799704
100810760
100815910
100794239
100778164
100808212
100779637
100778346
100814181
113002146
GMIQD56
100795829
100305889
100808409
100810016
100796894
100808741
102664077
100782887
100785710
100799922
100809907
100527618
100807324
100788308
548033
100778692
100788334
100790093
100791074
100781516
100820436
100803944
100789310
100789484
100800811
100778363
100793225
100813413
100814822
100802066
100798344
100776866
100807227
100808506
100818215
100808077
100793127
100782670
100820222
102660446
100801055
100776612
100527621
100810773
100808078
100791031
100805675
100807370
113001901
100527768
100305733
100789869
100787451
100779751
100778061
112997685
100795797
100795139
100797632
100499775
100792122
100799915
100778359
102660853
100786119
100817725
100794709
100780392
100799641
100786144
100305603
100793097
100814057
100816235
100782046
100802847
100790592
100781928
100793928
100785556
100785085
100810160
100815261
100305792
100305460
100794114
100815037
100785280
100805560
100792403
100306054
100787512
100805011
100787112
100805741
100793714
100804183
100793058
100797780
100820507
100777505
100790034
100819637
100788643
102662219
100806489
100792904
100819009
100803601
100820089
100795994
102660457
113000103
100819019
102661264
100804666
100798536
102664956
100784201
100813528
100815925
100801424
100815984
100818501
100780527
100796280
112998664
100798374
100812604
100814878
100527779
100807140
100798116
WRKY55
100806061
100804315
100798635
100798067
100775274
100786353
100805336
102667598
100807163
100806202
100813826
100781909
100800977
100782232
100793493
100805206
100798850
100780430
100785289
113000386
102667078
100792795
100804771
102661587
100811424
100805128
100818667
100804872
100788389
100792838
100788271
100809882
100803980
100819127
100809101
100784223
100780629
100777579
100777920
100305524
100802969
100813665
100306520
100305628
100780371
100782771
100797450
100814066
100811682
100818360
100799357
102664053
100817941
100796262
100783162
100789515
100785127
112998126
100795495
106797074
100813929
100306698
100798740
100305656
100813943
100805672
100820185
106797790
100775487
100805094
100788013
100818590
100793193
100787361
100807673
100793647
100794180
100792574
100807173
100800078
100796114
100794497
100795627
100790483
100808939
100807160
100802204
LCL1
100781347
100808304
100527574
100799612
100787792
102664939
100795985
102670227
100790707
100810838
100812906
100817612
102664847
100788445
100820071
100784413
100306017
100783686
100779268
100776156
100794099
100782306
100784255
100813718
100793651
100818615
100813994
100804754
106795942
MIR156AB
100781748
100783299
100787586
100795730
100806779
100817520
112935895
100794911
100778704
100817525
100788505
100786935
106795500
100779620
100809258
100812151
100789980
100527534
100809558
100808380
100801329
100810885
100801879
NRT1-2
100813324
100808841
100807099
102663444
100792945
100813278
100777292
100816870
100778878
100777822
100814693
102661832
100808482
100780916
100793896
102669706
100813470
100780148
100800527
100780705
100805585
BZIP108
100820151
100785595
102662107
100813410
102665040
100793096
106795721
547884
113002167
100789882
100811464
100800444
100305856
100809921
100789349
100527358
HMA8
100817198
112997627
100817614
100809526
100792672
100790539
100805888
100801611
100797241
100817297
100817318
100814675
100798192
102659422
100500058
100794758
100817413
100810624
100802451
100812463
100784745
100820163
100785505
100788647
102667386
100817624
100818970
100784953
100806776
100820157
100785136
547878
100780283
100810545
100793021
100785937
100791123
106795730
100775919
100777892
100793737
100801562
IPK1
100809378
100775992
100778336
100799406
100802826
100780404
100810179
100778658
100789853
100806983
106798721
100804074
100801306
100813724
100778110
100790770
100817627
100779834
100781045
100819119
100795330
100818409
100817495
100804991
100818900
100785348
100809965
100804749
100804467
100790205
100809147
100819175
100777959
100780190
106794255
100797411
100800223
100785713
100810873
100796377
102662800
100814473
100818379
100795773
100792818
100306432
100814849
100797277
100785675
100806882
102663234
100799460
100810688
100811388
100812321
100810751
CAB3
100805515
100784623
100816359
100780183
100818126
100803866
100789274
100526906
100777415
102667260
100779458
100814569
100816048
100777515
100807783
100802978
100785660
100799211
100789301
100787765
102668552
100776923
100805418
100305445
100800789
102668712
100807380
100797893
102661977
102660085
100775665
100779674
112998762
100783991
100799498
100499979
100786087
100796391
100819158
100816897
100816717
100801440
100783336
100819391
100796597
100802429
100786998
106795361
100799311
MIR4348C
100794508
WRKY24
102666747
100791813
100819523
100527635
100815727
100785634
100778024
100812961
100786735
100805836
100820296
100527183
100796349
100789747
100817745
100776345
100780726
100814013
100306387
100781317
100787718
100779502
100792346
100786116
100806335
100804954
100788357
100812120
100788569
100815586
100776833
100793748
100817492
100799747
102664702
100819763
N-24
100794880
100817854
100808808
100801728
100816681
100779916
100777778
100820457
102666739
100306178
100792712
100812279
100776065
100809519
100784627
100799278
100786751
100807157
100780311
100793496
100809271
100781496
100777367
100814733
GMBZIP26
100799708
100803650
100803260
100791029
PERK1
100788409
100817106
GMHSF-30
102662178
100812689
100786763
100802103
100776580
100786161
100802771
100777045
100817909
100783780
100796571
100785166
LHP1-2
100781792
100527325
102665474
100815823
100790505
100800597
100781634
100799887
100807695
100816746
100795311
100781155
100795526
100781034
100793717
GMATG7
100812959
100780361
100786567
100781736
100776232
100527622
100797051
106794270
MYB56
100786999
100803312
100500269
MIR2111C
100810034
100818664
100802804
100803729
102668266
100807031
100794147
732605
100786290
100810012
102661989
100795794
100813451
100815888
100786112
100812784
GMALMT14
100776514
102660917
548049
100779975
100776273
100779579
100806268
100811823
100799025
100776140
100809067
100784039
100783749
100813647
100780062
IDH
100802359
106799449
100778070
100306508
100785990
100801807
100795553
100798829
100788577
100819436
100791277
100783185
100791835
100777310
100813244
102663235
106799734
100780104
GMPLP1
100793124
100792637
100500416
100817131
100793817
100820527
100818647
100807363
100787468
102662682
100797307
102662820
100809678
100816018
100805890
100795907
100783866
100809559
100800467
100795845
100799455
100784916
100804656
100777928
100812030
100820471
100805383
100798109
100784259
100782039
100813793
100810428
100801252
100803589
100812414
100819021
112999357
102664401
100794767
100793866
106795938
100809295
100806482
100795634
102662035
100794462
100782048
100305635
GMCYP47
100819730
GMHMA1A
100779254
100819962
102663155
100819415
100781453
100787208
100806538
100819630
100779299
100779169
102665055
100776856
100791130
100820317
100779926
102664887
100800171
100788776
100811186
100777899
100805866
100784200
100819689
100796752
100805860
100813787
100816236
100798367
100795294
100804879
100781873
102670088
106798942
100527122
100790410
100781950
100820223
100778092
100810405
100784437
102664115
GMC/VIF2
100818833
100806980
100787964
100810792
100801607
100799227
100779538
548014
100800990
100815695
100791236
100795087
100786884
100807360
100776304
100818613
100794183
100799043
100816444
100804927
100782903
100817901
100784924
100809281
UGT1
100781087
100785135
100791114
113002122
100788775
100797352
102662903
100787556
100779874
100776768
106795490
TRNAG-GCC
100799499
100797015
100780646
100776969
100784367
100786672
100812348
100817498
102660751
100786464
100780971
100783198
100795958
100779342
100809371
100801880
100807252
100809881
HO3
112998750
100805182
100306053
100786124
100792482
102666772
100809892
100804907
100812508
100807994
100812323
100527169
100820012
100799939
100806143
100793891
100779525
100804386
100805610
100820308
100797818
100782337
100778497
100816824
100814854
100798111
100789149
102668065
100788798
100808912
100812465
100794369
100790543
732543
100819554
100786561
100802240
100802884
100775725
100776882
100794776
100796586
100797739
100805394
100817639
100787232
100789129
100797466
100816565
100788401
100813657
MIR4413B
100784826
100776870
113000750
100782354
100818147
100796864
100805145
GMPHR1
102665538
100796851
100527719
100818799
100805709
100795759
100789256
100809736
100788458
100779132
100820478
100804335
100799862
100807670
100803806
100796902
100819811
100801578
100790008
100796283
100797782
100804237
100807346
100816311
SNF5
100809444
100790201
100811748
100814077
100796738
100794989
100777475
100799204
100777225
100783681
GMCUPIN05.1
100800961
100814161
100809716
100802766
100801351
100816767
100779790
100787233
100776402
100816249
100797854
100781752
100812144
100799393
100819160
100816808
100500695
100499636
100789878
100783314
100783133
100787547
102662749
100790070
100809230
100788617
100807066
100797079
100499787
100807554
100814669
112999577
100819861
102668498
100783578
102668967
100787072
106798599
100784529
100811137
100788785
100784872
100779382
100817666
100776868
100782992
100816942
100811850
100527009
100795917
100794315
106794242
100800366
100816882
100777124
100808860
100800324
100782853
100813825
100793680
102667893
100305823
100777003
100811417
100785760
100786317
100790998
102660738
100796145
100775276
100786921
100791450
100527566
113001202
100791011
100777341
100786327
102668982
102662234
100782495
100801287
100805167
100788534
100793157
SHAT1-5
100787473
100803185
DRB2A
100818365
100796840
100816770
100803334
